from typing import Dict, Tuple, Union, List
from structures import Guild, Day

def init() -> Tuple[Dict[Union[int, str], str], Dict[str, Union[int, str]], List[Tuple[str, str]], Dict[int, Guild]]:
    REACTION_IDS = {1: '<:1_:847420709008572436>', 2: '<:2_:847421951786090516>',
                    3: '<:3_:847421951593152543>', 4: '<:4_:847421951843893249>',
                    5: '<:5_:847421951978635304>', 6: '<:6_:847421953652555816>',
                    7: '<:7_:847421954226126868>', 8: '<:8_:847421954050621450>',
                    9: '<:9_:847421953932656642>', 10: '<:10:847421953765146625>',
                    11: '<:11:847421954046558258>', 12: '<:12:847421954154823680>',
                    13: '<:13:847421954013397052>', 14: '<:14:847421954210136084>',
                    15: '<:15:847421954091778070>', 16: '<:16:847421954117206027>',
                    17: '<:17:847421954427584512>', 18: '<:18:847421954297692180>',
                    19: '<:19:847421954432434215>', 20: '<:20:847421954511470612>',
                    21: '<:21:847421954188902422>', 22: '<:22:847421954667053076>',
                    23: '<:23:847421954289172511>', 0: '<:24:847421954705195008>',
                    'America/Toronto': '<:EST:847460791787847710>',
                    'America/Vancouver': '<:PST:847460792005033994>',
                    'Asia/Tokyo': '<:JST:847460791737122877>',
                    'Asia/Seoul': '<:KST:847460792001495120>',
                    'Asia/Shanghai': '<:BJT:851352478452285480>',
                    'Canada/Central': '<:CST:847460791900962826>'}
    REVERSE_DICT = {'<:1_:847420709008572436>': 1, '<:2_:847421951786090516>': 2,
                    '<:3_:847421951593152543>': 3, '<:4_:847421951843893249>': 4,
                    '<:5_:847421951978635304>': 5, '<:6_:847421953652555816>': 6,
                    '<:7_:847421954226126868>': 7, '<:8_:847421954050621450>': 8,
                    '<:9_:847421953932656642>': 9, '<:10:847421953765146625>': 10,
                    '<:11:847421954046558258>': 11, '<:12:847421954154823680>': 12,
                    '<:13:847421954013397052>': 13, '<:14:847421954210136084>': 14,
                    '<:15:847421954091778070>': 15, '<:16:847421954117206027>': 16,
                    '<:17:847421954427584512>': 17, '<:18:847421954297692180>': 18,
                    '<:19:847421954432434215>': 19, '<:20:847421954511470612>': 20,
                    '<:21:847421954188902422>': 21, '<:22:847421954667053076>': 22,
                    '<:23:847421954289172511>': 23, '<:24:847421954705195008>': 0,
                    '<:EST:847460791787847710>': 'America/Toronto',
                    '<:PST:847460792005033994>': 'America/Vancouver',
                    '<:JST:847460791737122877>': 'Asia/Tokyo',
                    '<:KST:847460792001495120>': 'Asia/Seoul',
                    '<:BJT:851352478452285480>': 'Asia/Shanghai',
                    '<:CST:847460791900962826>': 'Canada/Central'}
    DAYS_OF_WEEK = [('Monday', 'Monday cont.'), ('Tuesday', 'Tuesday cont.'),
                    ('Wednesday', 'Wednesday cont.'), ('Thursday', 'Thursday cont'),
                    ('Friday', 'Friday cont.'), ('Saturday', 'Saturday cont.'),
                    ('Sunday', 'Sunday cont.')]
    all_guilds = {}
    return REACTION_IDS, REVERSE_DICT, DAYS_OF_WEEK, all_guilds


